152347
152367
152387
152397
153248
153268
153278
153298
154723
154763
154783
154793
156238
156248
156278
156298
157426
157436
157486
157496
158426
158436
158476
158496
159238
159248
159268
159278
251347
251367
251387
251397
253149
253169
253179
253189
254139
254169
254179
254189
256139
256149
256179
256189
257139
257149
257169
257189
258139
258149
258169
258179
351248
351268
351278
351298
352149
352169
352179
352189
354129
354169
354179
354189
356921
356941
356971
356981
357218
357248
357268
357298
358416
358426
358476
358496
359614
359624
359674
359684
451723
451763
451783
451793
452139
452169
452179
452189
453129
453169
453179
453189
456129
456139
456179
456189
457129
457139
457169
457189
458129
458139
458169
458179
513724
513764
513784
513794
516427
516437
516487
516497
517342
517362
517382
517392
518243
518263
518273
518293
519342
519362
519372
519382
651238
651248
651278
651298
652139
652149
652179
652189
653921
653941
653971
653981
654129
654139
654179
654189
657218
657238
657248
657298
658317
658327
658347
658397
659317
659327
659347
659387
751426
751436
751486
751496
752139
752149
752169
752189
753218
753248
753268
753298
754129
754139
754169
754189
756218
756238
756248
756298
758921
758931
758941
758961
759812
759832
759842
759862
851426
851436
851476
851496
852139
852149
852169
852179
853416
853426
853476
853496
854129
854139
854169
854179
856317
856327
856347
856397
857921
857931
857941
857961
859713
859723
859743
859763
951238
951248
951268
951278
953614
953624
953674
953684
956317
956327
956347
956387
957812
957832
957842
957862
958713
958723
958743
958763
15237486
15237496
15328476
15328496
15473268
15473298
15628743
15628793
15746238
15746298
15846327
15846397
15928743
15928763
25137486
25137496
25319674
25319684
25419367
25419387
25619347
25619387
25819734
25819743
25819763
25913674
25913684
25914367
25914387
25916347
25916387
25918734
25918743
25918763
35128476
35128496
35219674
35219684
35691248
35691278
35728941
35728961
35846921
35846971
45173268
45173298
45219367
45219387
45619327
45619372
45619382
45719832
45719862
45819723
45819763
45912367
45912387
45916327
45916372
45916382
45917832
45917862
45918723
45918763
51283749
51283764
51283794
51286437
51286497
51467329
51467382
51467392
51468273
51468293
51469273
51469283
51647382
51647392
51823764
51823794
65128743
65128793
65219347
65219387
65391248
65391278
65419327
65419372
65419382
65728931
65728941
65837921
65837941
65937812
65937842
75146238
75146298
75328941
75328961
75419832
75419862
75628931
75628941
75891426
75891436
85146327
85146397
85219734
85219743
85219763
85346921
85346971
85419723
85419763
85637921
85637941
85791426
85791436
85973614
85973624
95128743
95128763
95213674
95213684
95214367
95214387
95216347
95216387
95218734
95218743
95218763
95412367
95412387
95416327
95416372
95416382
95417832
95417862
95418723
95418763
95637812
95637842
95873614
95873624
1523746890
1532846970
1547328690
1562873940
1574628930
1584637920
1592873640
2513746890
2531964780
2541937860
2561937840
2571983640
2571984360
2571986340
2591364780
2591437860
2591637840
2591783640
2591784360
2591786340
3512846970
3521964780
3541962780
3541967820
3541968720
3569128470
3572891460
3584691270
3596412780
3596417820
3596418720
4517328690
4521937860
4531962780
4531967820
4531968720
4571982360
4581973620
4591237860
4591362780
4591367820
4591368720
4591782360
4591873620
5128463790
5128467390
5128469370
5128647390
5128734690
5128736490
5128739460
5128934670
5128936470
5128937460
5137462890
5137468290
5137469280
5146283790
5146287390
5146289370
5146372890
5146378290
5146379280
5146823790
5146923780
5164732890
5173284690
5173286490
5173289460
5182374690
5193284670
5193286470
5193287460
6512873940
6521937840
6539128470
6572891430
6583791420
6593782140
7514628930
7521983640
7521984360
7521986340
7532891460
7541982360
7562891430
7589146230
7598213640
7598214360
7598216340
8514637920
8534691270
8541973620
8563791420
8579146230
8597364120
9512873640
9521364780
9521437860
9521637840
9521783640
9521784360
9521786340
9536412780
9536417820
9536418720
9541237860
9541362780
9541367820
9541368720
9541782360
9541873620
9563782140
9578213640
9578214360
9578216340
9587364120
